11 0.08732212160413971 0.9591041869522883 0.13065976714100905 0.06621226874391431
46 0.5155239327296248 0.9751703992210321 0.1591203104786546 0.04186952288218111
54 0.20116429495472185 0.09931840311587146 0.16429495472186287 0.09542356377799416
1 0.48771021992238034 0.12852969814995133 0.3855109961190168 0.042843232716650435
2 0.7606727037516171 0.1314508276533593 0.13195342820181113 0.04868549172346641
24 0.5756791720569211 0.08227848101265822 0.592496765847348 0.06134371957156767
20 0.49805950840879687 0.7317429406037 0.2018111254851229 0.045764362220058426
48 0.23415265200517466 0.8427458617332035 0.111254851228978 0.0691333982473223
49 0.36869340232858994 0.8422590068159689 0.10090556274256145 0.0798442064264849
32 0.49805950840879687 0.7969814995131451 0.10866752910737387 0.07887049659201557
27 0.628719275549806 0.8422590068159689 0.1034928848641656 0.08568646543330087
55 0.758732212160414 0.8407984420642648 0.10478654592496765 0.08081791626095423
44 0.794954721862872 0.6772151898734177 0.11513583441138421 0.0691333982473223
17 0.44372574385511 0.6772151898734177 0.6002587322121604 0.07108081791626096