1 0.4896640826873385 0.13132295719844359 0.3953488372093023 0.042801556420233464
2 0.7629198966408268 0.129863813229572 0.13565891472868216 0.04571984435797665
24 0.5781653746770026 0.08365758754863813 0.5930232558139535 0.05642023346303502
44 0.8003875968992248 0.6750972762645915 0.1124031007751938 0.07198443579766536
17 0.4470284237726098 0.6780155642023347 0.5891472868217055 0.07198443579766536
48 0.23901808785529716 0.8414396887159533 0.11627906976744186 0.07587548638132295
11 0.09237726098191215 0.9610894941634242 0.12790697674418605 0.06031128404669261
46 0.5180878552971576 0.9737354085603113 0.16279069767441862 0.03696498054474708
49 0.3714470284237726 0.8424124513618677 0.10981912144702842 0.07392996108949416
32 0.5045219638242894 0.8428988326848249 0.10723514211886305 0.07684824902723736
27 0.6317829457364341 0.8419260700389105 0.10594315245478036 0.07684824902723736
55 0.7642118863049095 0.7996108949416343 0.11757105943152454 0.07782101167315175
20 0.7629198966408268 0.7349221789883269 0.19509043927648578 0.04182879377431906