35 0.6585051546391752 0.3967339097022094 0.4097938144329897 0.138328530259366
16 0.29381443298969073 0.4365994236311239 0.31958762886597936 0.06051873198847262
18 0.7751288659793815 0.7516810758885687 0.10438144329896908 0.024015369836695485
51 0.7725515463917526 0.7262247838616714 0.09922680412371133 0.026897214217098942
18 0.7725515463917526 0.6311239193083573 0.11211340206185567 0.026897214217098942
51 0.7751288659793815 0.6061479346781941 0.1018041237113402 0.02881844380403458
21 0.5096649484536082 0.6191162343900096 0.27963917525773196 0.037463976945244955
21 0.5070876288659794 0.7396733909702209 0.2822164948453608 0.03650336215177714
33 0.5051546391752577 0.6075888568683958 0.6726804123711341 0.09510086455331412
33 0.5064432989690721 0.7243035542747358 0.6752577319587629 0.0941402497598463
36 0.6597938144329897 0.8410182516810759 0.2963917525773196 0.06628242074927954