54 0.2394868035190616 0.1233054892601432 0.17350439882697946 0.11733890214797138
21 0.5779618768328446 0.9148806682577565 0.33236070381231664 0.041766109785202864
21 0.5755131964809385 0.7647136038186158 0.3225806451612903 0.041766109785202864
18 0.8815982404692082 0.9292959427207638 0.12341642228739014 0.03281622911694511
18 0.8803812316715542 0.7831145584725537 0.1160850439882699 0.030823389021479627
51 0.8779325513196481 0.7488066825775657 0.12341642228739014 0.03380668257756555
51 0.8785483870967742 0.896980906921241 0.12708211143695025 0.03380668257756555
33 0.5748973607038123 0.8984725536992839 0.780791788856305 0.12430787589498815
33 0.5687976539589444 0.7483054892601433 0.7587976539589443 0.12430787589498815
16 0.3317448680351906 0.5374940334128878 0.3629032258064516 0.06662291169451079
35 0.7465835777126101 0.494236276849642 0.4692082111436951 0.17103818615751795