54 0.20827943078913325 0.09970817120622569 0.1500646830530401 0.09824902723735408
1 0.4857697283311772 0.12791828793774318 0.38939197930142305 0.04377431906614786
2 0.7613195342820182 0.1269455252918288 0.1410090556274256 0.04377431906614786
24 0.5756791720569211 0.08122568093385214 0.5873221216041398 0.05933852140077821
20 0.23673997412677877 0.7334630350194552 0.19922380336351875 0.03696498054474708
46 0.51875808538163 0.9717898832684825 0.1630012936610608 0.03696498054474708
48 0.23673997412677877 0.7957198443579766 0.111254851228978 0.07587548638132295
49 0.3693402328589909 0.8375486381322957 0.1073738680465718 0.07392996108949416
32 0.49805950840879687 0.8390077821011673 0.111254851228978 0.07684824902723736
27 0.6293661060802069 0.8394941634241245 0.09961190168175937 0.07587548638132295
55 0.7606727037516171 0.8375486381322957 0.11384217335058215 0.08365758754863813
11 0.08926261319534282 0.9571984435797666 0.12419146183699871 0.06031128404669261