54 0.20607235142118863 0.10311284046692606 0.14857881136950904 0.09727626459143969
24 0.5749354005167958 0.08073929961089495 0.5839793281653747 0.058365758754863814
1 0.48901808785529716 0.12791828793774318 0.39147286821705424 0.037937743190661476
2 0.7583979328165374 0.12791828793774318 0.12919896640826872 0.037937743190661476
17 0.4412144702842377 0.6726653696498055 0.5930232558139535 0.07295719844357977
44 0.7945736434108527 0.6741245136186771 0.11369509043927649 0.07198443579766536
22 0.9147286821705426 0.41050583657587547 0.09560723514211886 0.021400778210116732
22 0.9160206718346253 0.5034046692607004 0.09819121447028424 0.020428015564202335
20 0.7629198966408268 0.7310311284046692 0.2054263565891473 0.05155642023346303
48 0.23837209302325582 0.8360894941634242 0.10465116279069768 0.07101167315175097
49 0.36757105943152457 0.8399805447470817 0.10723514211886305 0.07879377431906615
32 0.5006459948320413 0.8365758754863813 0.10981912144702842 0.07782101167315175
27 0.6298449612403101 0.8385214007782101 0.12015503875968993 0.07782101167315175
55 0.7616279069767442 0.7923151750972762 0.10981912144702842 0.07879377431906615
11 0.08397932816537468 0.9601167315175098 0.13695090439276486 0.05642023346303502
46 0.5161498708010336 0.9717898832684825 0.15633074935400518 0.03501945525291829