16 0.2903430749682338 0.4388349514563107 0.3189326556543837 0.062135922330097085
35 0.6518424396442185 0.39611650485436894 0.4142312579415502 0.14757281553398058
51 0.7630241423125794 0.6092233009708737 0.10292249047013977 0.02815533980582524
18 0.7604828462515884 0.633495145631068 0.11054637865311309 0.02621359223300971
51 0.764294790343075 0.7271844660194174 0.10546378653113088 0.02524271844660194
18 0.7630241423125794 0.753883495145631 0.10292249047013977 0.02233009708737864
21 0.5 0.6237864077669902 0.2782719186785261 0.035922330097087375
21 0.5038119440914867 0.7417475728155339 0.2909783989834816 0.038834951456310676
33 0.4949174078780178 0.7281553398058253 0.6670902160101652 0.0970873786407767
33 0.49555273189326554 0.6067961165048543 0.6709021601016518 0.10097087378640776
36 0.6480304955527318 0.8427184466019417 0.30241423125794153 0.06990291262135923