2 0.7597150259067358 0.12876579203109814 0.14378238341968913 0.03984450923226433
55 0.7642487046632125 0.8406219630709426 0.10880829015544041 0.08163265306122448
54 0.20401554404145078 0.09961127308066084 0.15414507772020725 0.09620991253644315
1 0.49028497409326427 0.13070942662779397 0.39766839378238344 0.043731778425655975
20 0.23186528497409326 0.7351797862001944 0.20207253886010362 0.043731778425655975
24 0.5744818652849741 0.08406219630709427 0.5893782383419689 0.05539358600583091
27 0.6321243523316062 0.8411078717201166 0.11139896373056994 0.0923226433430515
32 0.49805699481865284 0.8377065111758989 0.11269430051813471 0.08163265306122448
49 0.3639896373056995 0.8415937803692906 0.10362694300518134 0.08940719144800778
48 0.23639896373056996 0.7993197278911565 0.12046632124352331 0.09037900874635568
11 0.08743523316062177 0.9572400388726919 0.12564766839378239 0.0641399416909621
46 0.5187823834196891 0.9698736637512148 0.1567357512953368 0.038872691933916424