24 0.579118028534371 0.08382066276803118 0.5901426718547341 0.05458089668615984
54 0.20492866407263294 0.10136452241715399 0.1556420233463035 0.09161793372319688
1 0.4876783398184176 0.12962962962962962 0.39948119325551235 0.04093567251461988
20 0.7658884565499352 0.7348927875243665 0.20363164721141375 0.04483430799220273
22 0.917639429312581 0.22514619883040934 0.09208819714656291 0.015594541910331383
48 0.23800259403372243 0.8440545808966862 0.10505836575875487 0.07992202729044834
49 0.36964980544747084 0.8440545808966862 0.11154345006485085 0.07797270955165692
32 0.503242542153048 0.8464912280701754 0.1245136186770428 0.08284600389863547
55 0.7671854734111544 0.7992202729044834 0.11024643320363164 0.07797270955165692
17 0.4455252918287938 0.6754385964912281 0.5953307392996109 0.07602339181286549
44 0.7970168612191959 0.6764132553606238 0.11543450064850844 0.07017543859649122
27 0.6348897535667963 0.8425925925925926 0.12062256809338522 0.08674463937621832