54 0.20925684485006518 0.10420743639921722 0.15254237288135594 0.09882583170254403
24 0.5788787483702738 0.08317025440313111 0.5919165580182529 0.05870841487279843
30 0.7464146023468058 0.12964774951076322 0.1316818774445893 0.040117416829745595
1 0.48239895697522817 0.13160469667318983 0.3728813559322034 0.04207436399217221
17 0.4491525423728814 0.6829745596868885 0.5984354628422425 0.07045009784735812
44 0.803129074315515 0.6824853228962818 0.11734028683181226 0.07338551859099804
48 0.2379400260756193 0.8463796477495108 0.10560625814863103 0.07827788649706457
49 0.37222946544980445 0.8463796477495108 0.11603650586701435 0.08023483365949119
32 0.5045632333767927 0.8463796477495108 0.10430247718383312 0.0821917808219178
27 0.6349413298565841 0.8033268101761253 0.10691003911342895 0.08414872798434442
55 0.772490221642764 0.8458904109589042 0.11342894393741851 0.07925636007827788
20 0.636897001303781 0.7392367906066536 0.196870925684485 0.04207436399217221