36 0.6614785992217899 0.8507827788649707 0.30609597924773024 0.06947162426614481
33 0.503242542153048 0.7294520547945206 0.6900129701686122 0.10469667318982387
51 0.7736705577172504 0.7304305283757339 0.11284046692607004 0.03228962818003914
18 0.7749675745784695 0.7568493150684932 0.10765239948119326 0.030332681017612523
16 0.2892347600518807 0.44031311154598823 0.311284046692607 0.060665362035225046
51 0.7730220492866408 0.6120352250489237 0.10376134889753567 0.02837573385518591
18 0.7730220492866408 0.6360078277886497 0.10635538261997406 0.023483365949119372
33 0.5019455252918288 0.6135029354207436 0.6718547341115434 0.09393346379647749
21 0.5051880674448768 0.6232876712328768 0.2840466926070039 0.03522504892367906
21 0.5077821011673151 0.7426614481409002 0.28664072632944226 0.0410958904109589
35 0.6595330739299611 0.4060665362035225 0.41115434500648507 0.12915851272015655