24 0.3196426608026388 0.10843453510436434 0.24817482133040136 0.05963946869070207
54 0.1621770203408466 0.12062618595825425 0.06675645959318309 0.09487666034155597
1 0.28390874106652003 0.1551897533206831 0.17042330951072018 0.04472485768500947
25 0.39818031885651456 0.15180265654648956 0.05654755360087955 0.03523719165085388
44 0.4154535459043431 0.6851423149905124 0.05340296866410121 0.06912713472485758
49 0.23325453545904345 0.8471157495256167 0.04869158878504676 0.07861480075901318
48 0.1751346893897746 0.8037381404174573 0.05026388125343593 0.0704838709677419
32 0.2878339747113799 0.849146110056926 0.04947773501924134 0.07454459203036047
27 0.3451676745464541 0.8477893738140418 0.04476635514018695 0.0772580645161291
55 0.40053326003298517 0.8484724857685009 0.04555250137438147 0.08131878557874767
17 0.26466739967014846 0.6871821631878557 0.2513139087410665 0.0704838709677419
20 0.17474436503573393 0.7400379506641366 0.08717427157778998 0.040664136622390795